TITLE Hard Humming
BPM   170.0
NOTES
01 11.294117647058824
01 12.0
08 12.705882352941178
08 13.411764705882353
02 14.11764705882353
02 14.823529411764707
08 15.529411764705884
08 16.23529411764706
01 16.941176470588236
08 17.294117647058822
04 17.647058823529413
02 18.0
01 18.35294117647059
04 18.705882352941178
02 19.058823529411768
08 19.411764705882355
01 19.764705882352942
08 19.941176470588236
01 20.11764705882353
08 20.294117647058826
01 20.47058823529412
08 20.647058823529413
01 20.823529411764707
08 21.0
01 21.176470588235297
01 22.23529411764706
12 22.58823529411765
03 22.941176470588236
01 23.205882352941178
04 23.294117647058826
02 23.47058823529412
01 23.823529411764707
01 24.176470588235293
02 24.352941176470587
10 24.705882352941178
08 25.058823529411764
04 25.235294117647058
04 25.58823529411765
08 25.764705882352942
01 26.117647058823533
04 26.294117647058826
02 26.647058823529413
02 27.0
04 27.176470588235293
03 27.529411764705884
12 27.88235294117647
09 28.23529411764706
05 28.58823529411765
08 28.85294117647059
02 28.94117647058824
04 29.117647058823533
08 29.47058823529412
08 29.823529411764707
04 30.0
05 30.35294117647059
01 30.705882352941178
02 30.88235294117647
02 31.23529411764706
04 31.411764705882355
08 31.764705882352946
02 31.94117647058824
01 32.294117647058826
02 32.64705882352942
08 32.82352941176471
12 33.1764705882353
05 33.52941176470589
10 33.88235294117647
05 34.23529411764706
08 34.5
04 34.588235294117645
02 34.76470588235294
08 35.11764705882353
02 35.47058823529412
01 35.64705882352941
04 36.0
02 36.352941176470594
04 36.529411764705884
04 36.88235294117648
01 37.05882352941177
02 37.411764705882355
04 37.58823529411765
02 37.94117647058824
04 38.294117647058826
08 38.470588235294116
05 38.8235294117647
12 39.1764705882353
10 39.529411764705884
05 39.88235294117647
01 40.14705882352941
04 40.23529411764706
02 40.411764705882355
01 40.76470588235294
02 41.117647058823536
08 41.294117647058826
04 41.64705882352941
02 42.00000000000001
04 42.1764705882353
04 42.52941176470589
02 42.70588235294118
01 43.05882352941177
04 43.235294117647065
02 43.58823529411765
02 43.94117647058824
08 44.11764705882353
04 44.470588235294116
02 44.82352941176471
01 45.1764705882353
02 45.529411764705884
02 45.70588235294118
02 46.235294117647065
02 46.411764705882355
02 46.94117647058824
02 47.117647058823536
02 47.64705882352942
02 47.82352941176471
08 48.35294117647059
08 48.529411764705884
04 49.05882352941177
04 49.23529411764706
02 49.76470588235294
02 49.94117647058824
09 50.47058823529412
08 50.82352941176471
04 51.1764705882353
02 51.88235294117648
02 52.05882352941177
02 52.58823529411765
02 52.76470588235295
01 53.29411764705883
01 53.47058823529412
01 54.0
01 54.1764705882353
04 54.70588235294118
10 55.05882352941177
04 55.411764705882355
01 55.76470588235294
10 56.117647058823536
01 56.47058823529412
08 56.82352941176471
04 57.00000000000001
02 57.1764705882353
01 57.52941176470589
04 57.70588235294118
02 57.88235294117647
08 58.23529411764706
04 58.411764705882355
02 58.588235294117645
01 58.94117647058824
04 59.11764705882353
02 59.294117647058826
08 59.64705882352941
01 59.82352941176471
02 60.0
01 60.352941176470594
08 60.529411764705884
02 60.70588235294118
08 61.05882352941177
01 61.235294117647065
04 61.411764705882355
04 61.76470588235295
01 62.117647058823536
02 62.29411764705883
01 62.47058823529412
02 62.64705882352942
01 62.82352941176471
02 63.00000000000001
01 63.176470588235304
02 63.352941176470594
04 63.529411764705884
08 63.70588235294118
04 63.88235294117647
08 64.05882352941177
04 64.23529411764706
08 64.41176470588235
04 64.58823529411765
08 64.76470588235294
01 64.94117647058825
08 65.29411764705884
08 65.64705882352942
08 66.00000000000001
01 66.3529411764706
10 67.76470588235294
06 68.11764705882354
05 68.47058823529412
01 68.82352941176471
02 69.0
02 69.3529411764706
04 69.5294117647059
04 69.88235294117648
08 70.23529411764707
01 70.41176470588236
01 70.76470588235294
04 70.94117647058825
04 71.29411764705883
02 71.47058823529412
01 71.82352941176471
02 72.17647058823529
08 72.3529411764706
06 72.70588235294117
03 73.05882352941177
05 73.41176470588236
06 73.76470588235296
10 74.11764705882354
08 74.47058823529413
02 74.64705882352942
02 75.0
04 75.1764705882353
04 75.52941176470588
01 75.88235294117648
02 76.05882352941177
02 76.41176470588235
04 76.58823529411765
08 76.94117647058823
02 77.11764705882352
01 77.47058823529412
02 77.82352941176471
08 78.00000000000001
04 78.3529411764706
02 78.70588235294119
09 79.05882352941177
10 79.41176470588236
06 79.76470588235294
04 80.11764705882354
01 80.29411764705883
01 80.6470588235294
02 80.82352941176471
02 81.17647058823529
04 81.52941176470588
08 81.70588235294117
01 82.05882352941177
04 82.23529411764707
04 82.58823529411765
02 82.76470588235294
01 83.11764705882354
02 83.47058823529412
08 83.64705882352942
12 84.0
09 84.3529411764706
06 84.70588235294119
03 85.05882352941178
12 85.41176470588236
01 85.76470588235296
04 85.94117647058825
02 86.29411764705883
04 86.47058823529413
04 86.82352941176471
01 87.1764705882353
02 87.3529411764706
04 87.70588235294117
02 87.88235294117648
01 88.23529411764706
04 88.41176470588235
08 88.76470588235294
04 89.11764705882354
01 89.29411764705884
02 89.64705882352942
01 90.00000000000001
08 90.3529411764706
02 90.70588235294119
04 91.05882352941177
01 91.41176470588236
02 91.76470588235294
04 92.11764705882354
01 92.47058823529412
10 92.82352941176471
08 93.1764705882353
04 93.5294117647059
02 93.88235294117648
04 94.23529411764707
08 94.58823529411765
01 94.94117647058825
02 95.29411764705883
04 95.64705882352942
04 96.0
02 96.3529411764706
01 96.70588235294117
08 97.05882352941177
02 97.41176470588236
04 97.76470588235296
02 98.11764705882354
08 98.47058823529413
04 98.82352941176471
02 99.1764705882353
01 99.52941176470588
08 99.88235294117648
01 100.23529411764707
08 100.76470588235296
01 101.29411764705884
01 101.47058823529413
08 101.64705882352942
08 102.70588235294119
